1 0.399689 0.209794 0.180404 0.032648
1 0.620529 0.210399 0.248834 0.031439
1 0.353033 0.329504 0.083981 0.032648
1 0.496112 0.329504 0.152411 0.032648
1 0.532659 0.449819 0.449456 0.031439
1 0.558320 0.548972 0.500778 0.031439
1 0.558320 0.608827 0.500778 0.032648
1 0.429238 0.668077 0.242613 0.030230
1 0.686625 0.668682 0.244168 0.031439
1 0.398134 0.727328 0.180404 0.030230
1 0.685070 0.727932 0.237947 0.031439
0 0.418351 0.266626 0.180404 0.018138
0 0.419129 0.385127 0.178849 0.015719
0 0.419129 0.484885 0.178849 0.019347
0 0.420684 0.796252 0.175739 0.015719
0 0.672628 0.857316 0.517885 0.019347
0 0.671073 0.879686 0.110420 0.020556
