1 0.191892 0.154244 0.270270 0.026915
1 0.178378 0.301242 0.248649 0.031056
1 0.191892 0.413043 0.275676 0.026915
1 0.208108 0.528986 0.302703 0.026915
1 0.222973 0.642857 0.337838 0.026915
1 0.586486 0.196687 0.335135 0.028986
1 0.613514 0.348861 0.378378 0.026915
1 0.682432 0.460663 0.510811 0.026915
1 0.598649 0.575569 0.348649 0.028986
1 0.645946 0.687371 0.443243 0.028986
0 0.656757 0.149068 0.464865 0.049689
0 0.655405 0.299172 0.467568 0.051760
0 0.658108 0.412008 0.467568 0.049689
0 0.618919 0.527950 0.389189 0.049689
0 0.656757 0.640787 0.470270 0.051760
