0 0.168803 0.074219 0.146724 0.023438
0 0.475071 0.172852 0.682336 0.021484
0 0.403134 0.337891 0.541311 0.046875
0 0.492877 0.504395 0.712251 0.022461
0 0.418803 0.655273 0.569801 0.019531
0 0.174501 0.402832 0.152422 0.020508
0 0.182336 0.225586 0.173789 0.017578
0 0.168091 0.556152 0.150997 0.022461
0 0.529915 0.708496 0.612536 0.020508
0 0.522080 0.748047 0.690883 0.039062
1 0.500000 0.129395 0.809117 0.063477
1 0.498575 0.280762 0.811966 0.061523
1 0.500000 0.457520 0.817664 0.065430
1 0.502137 0.609375 0.813390 0.064453
