0 0.690651 0.104255 0.593487 0.049645
0 0.689601 0.278723 0.593487 0.049645
0 0.690651 0.370922 0.593487 0.049645
0 0.688550 0.732624 0.593487 0.049645
1 0.520483 0.196454 0.211134 0.055319
1 0.550420 0.317021 0.207983 0.024113
1 0.516807 0.465248 0.210084 0.053901
1 0.419118 0.416312 0.046218 0.021277
1 0.417542 0.319149 0.040966 0.019858
1 0.421744 0.147518 0.051471 0.022695
1 0.335084 0.102128 0.075630 0.022695
1 0.328782 0.289362 0.092437 0.048227
1 0.331933 0.372340 0.073529 0.024113
1 0.324580 0.746099 0.090336 0.045390
1 0.550420 0.771631 0.210084 0.019858
1 0.417017 0.773759 0.044118 0.018440
